00000 38
00001 21
00003 12
00006 9
00008 6
00009 5
00010 18
00011 8
00013 3
00014 5
00017 4
00018 13
00022 7
00024 10
00026 4
00029 11
00030 45
00031 3
00032 35
00033 6
00034 13
00041 5
00042 7
00048 14
00049 10
00053 3
00057 7
00060 5
00062 5
00063 3
00064 3
00070 17
00072 3
00075 16
00080 4
00081 4
00085 3
00088 6
00089 3
00091 12
00094 28
00100 4
00101 51
00105 14
00106 17
00107 7
00109 5
00110 5
00111 10
00115 31
00116 10
00117 12
00120 10
00121 7
00122 11
00124 29
00125 3
00127 7
00131 3
00132 8
00135 7
00136 6
00137 13
00139 5
00140 3
00142 5
00143 7
00150 3
00153 3
00154 3
00155 36
00158 3
00161 10
00166 20
00167 6
00173 12
00177 62
00178 3
00179 12
00180 8
00181 12
00185 36
00188 8
00191 5
00192 29
00196 21
00197 3
00201 5
00202 3
00204 8
00207 7
00209 3
00211 3
00212 14
00213 28
00215 7
00216 6
00217 6
00218 8
00219 3
00220 12
00221 3
00223 6
00224 10
00225 6
00226 49
00228 51
00232 7
00235 6
00238 11
00239 14
00240 5
00241 4
00242 11
00243 5
00245 9
00246 35
00247 29
00250 3
00251 7
00252 13
00256 4
00257 3
00258 34
00263 3
00264 5
00266 4
00270 5
00271 4
00274 5
00275 3
00278 5
00279 7
00281 6
00282 14
00283 5
00285 5
00286 14
00287 9
00288 24
00290 10
00291 4
00293 47
00294 4
00297 3
00299 25
00301 78
00302 4
00303 15
00304 4
00306 8
00307 4
00319 26
00321 16
00322 3
00324 12
00327 3
00329 3
00330 12
00331 3
00332 21
00335 16
00336 3
00337 48
00339 22
00341 7
00342 10
00344 9
00351 6
00354 19
00357 10
00358 6
00359 19
00360 19
00362 3
00364 4
00365 15
00368 3
00370 7
00374 12
00375 18
00377 7
00379 6
00381 17
00382 15
00383 18
00386 31
00387 12
00388 3
00390 8
00392 25
00394 36
00395 3
00397 4
00398 7
00399 15
00400 14
00402 53
00403 11
00406 18
00407 9
00408 9
00409 7
00410 4
00413 3
00414 4
00415 4
00416 10
00419 5
00421 3
00422 6
00423 12
00424 8
00425 7
00426 5
00427 4
00429 4
00431 24
00432 8
00433 11
00435 17
00436 19
00437 15
00438 9
00441 18
00443 6
00449 9
00457 3
00458 14
00463 14
00465 37
00468 9
00469 3
00472 18
00475 11
00476 15
00477 24
00478 3
00479 6
00480 3
00481 28
00482 6
00483 3
00485 46
00489 14
00490 5
00491 21
00493 9
00494 5
00497 44
00498 4
00500 3
00503 5
00505 3
00507 4
00508 6
00509 25
00515 6
00519 44
00522 36
00523 6
00524 4
00525 9
00526 12
00527 4
00529 24
00530 15
00532 47
00534 3
00535 31
00536 37
00537 19
00538 28
00542 9
00545 4
00548 15
00549 9
00551 9
00552 3
00553 34
00556 8
00557 5
00558 6
00561 6
00563 38
00564 9
00565 3
00567 7
00568 9
00569 7
00570 12
00574 15
00576 24
00577 6
00578 3
00579 13
00580 10
00582 10
00587 3
00588 3
00591 16
00595 9
00596 3
00601 20
00603 15
00604 3
00608 3
00609 3
00611 4
00613 11
00614 5
00615 11
00616 3
00617 3
00619 5
00621 7
00622 10
00623 48
00624 89
00626 24
00627 14
00633 18
00634 11
00635 31
00636 7
00638 11
00639 17
00640 6
00641 22
00643 15
00644 17
00645 47
00646 5
00647 3
00650 7
00651 10
00652 5
00653 10
00655 5
00657 6
00658 9
00659 21
00662 13
00663 12
00664 14
00665 4
00668 7
00669 11
00670 11
00672 5
00673 3
00674 39
00675 12
00676 6
00677 3
00678 11
00679 19
00682 8
00683 20
00686 27
00687 3
00688 35
00689 44
00690 38
00692 10
00693 43
00694 3
00695 7
00696 4
00698 3
00701 7
00702 10
00703 7
00704 4
00707 3
00709 21
00711 17
00712 5
00713 7
00714 10
00715 4
00716 9
00717 33
00719 28
00720 56
00725 3
00728 5
00730 26
00731 5
00733 7
00734 5
00735 4
00737 6
00738 23
00740 17
00741 7
00742 19
00743 8
00745 14
00747 4
00749 5
00750 4
00752 12
00754 19
00755 16
00761 9
00763 3
00766 4
00767 3
00770 3
00771 6
00772 58
00774 3
00776 4
00782 8
00783 15
00784 3
00785 8
00786 16
00790 5
00791 3
00793 5
00798 10
00799 11
00800 3
00803 5
00804 5
00805 5
00806 44
00808 15
00809 15
00810 9
00811 27
00812 5
00813 5
00814 7
00815 5
00816 13
00818 5
00819 3
00820 33
00824 49
00825 17
00832 6
00833 5
00836 29
00837 29
00838 10
00840 59
00841 52
00842 138
00844 4
00845 5
00846 6
00847 18
00848 7
00849 26
00850 12
00855 3
00856 13
00857 10
00858 5
00861 7
00864 11
00866 19
00868 38
00869 29
00870 9
00871 23
00873 13
00876 83
00877 78
00878 15
00879 3
00880 6
00888 3
00889 3
00891 4
00893 18
00894 3
00897 13
00898 3
00899 3
00900 4
00902 8
00907 24
00909 4
00910 30
00911 15
00912 18
00913 13
00914 6
00915 14
00916 4
00922 14
00923 41
00926 40
00927 6
00932 15
00934 14
00938 18
00940 17
00942 16
00943 14
00944 10
00945 5
00948 3
00949 5
00950 18
00951 16
00952 29
00953 8
00955 4
00956 3
00957 3
00960 9
00962 3
00967 4
00969 4
00970 8
00971 55
00972 10
00973 14
00984 12
00985 3
00986 11
00987 6
00988 37
00989 13
00990 16
00991 13
00992 6
00993 5
00994 21
00996 16
00997 4
01001 3
01003 27
01005 6
01006 5
01007 10
01011 15
01013 24
01014 34
01015 21
01016 3
01017 7
01018 13
01019 4
01020 16
01021 14
01022 6
01023 3
01025 9
01026 17
01027 5
01028 12
01030 3
01032 3
01034 9
01035 15
01037 3
01038 7
01041 11
01043 24
01044 15
01045 6
01047 7
01055 4
01057 10
01058 7
01061 15
01064 4
01065 3
01066 4
01069 15
01070 3
01081 3
01082 12
01084 15
01087 13
01088 13
01101 18
01102 3
01108 3
01113 8
01114 22
01115 27
01116 9
01117 8
01118 26
01124 18
01125 21
01126 9
01127 20
01128 6
01129 8
01130 5
01131 4
01132 13
01133 13
01135 6
01136 18
01137 3
01142 6
01144 25
01147 6
01148 14
01159 5
01161 12
01162 14
01163 5
01164 17
01167 35
01169 4
01170 20
01171 8
01172 14
01176 7
01177 4
01178 16
01179 67
01180 3
01183 16
01184 15
01186 11
01187 23
01188 45
01189 7
01190 5
01192 10
01193 10
01195 3
01197 17
01202 21
01203 5
01205 12
01207 4
01210 8
01211 63
01215 3
01218 19
01219 14
01223 6
01232 3
01234 15
01235 14
01239 3
01241 9
01247 62
01254 12
01256 18
01260 9
01261 30
01262 8
01263 33
01266 45
01267 53
01268 36
01269 36
01273 13
01274 3
01275 8
01276 19
01279 3
01281 3
01282 3
01283 5
01284 5
01285 13
01286 24
01289 9
01291 15
01295 4
01296 64
01300 16
01305 4
01307 3
01309 8
01310 8
01312 3
01313 17
01315 4
01316 4
01319 17
01320 8
01321 3
01323 9
01324 13
01325 3
01328 6
01329 16
01332 11
01333 137
01336 6
01337 18
01338 69
01339 15
01340 65
01348 10
01350 10
01351 5
01353 7
01354 12
01355 9
01356 6
01357 109
01358 18
01359 22
01360 15
01361 3
01364 9
01365 6
01366 8
01367 14
01368 4
01369 3
01370 5
01371 7
01372 12
01374 5
01376 8
01381 3
01383 5
01384 21
01385 9
01386 13
01387 19
01388 10
01390 34
01391 8
01393 9
01394 3
01396 37
01398 21
01399 4
01401 5
01404 22
01405 37
01407 5
01410 19
01413 6
01415 15
01416 6
01417 9
01418 12
01419 4
01421 23
01422 7
01424 22
01425 3
01428 13
01431 20
01432 21
01433 3
01434 7
01436 24
01437 3
01439 4
01440 20
01441 55
01443 13
01444 19
01446 4
01447 22
01448 6
01449 11
01450 13
01451 11
01453 33
01454 3
01460 12
01461 7
01462 7
01463 12
01465 4
01466 3
01467 3
01471 25
01473 3
01478 6
01483 11
01485 61
01488 6
01489 40
01491 6
01492 5
01494 9
01495 18
01496 6
01500 6
01501 4
01504 4
01505 10
01506 5
01508 5
01509 3
01510 5
01512 5
01513 9
01515 7
01516 8
01518 3
01519 9
01520 8
01523 6
01525 18
01527 17
01528 13
01530 23
01531 8
01532 6
01533 22
01535 22
01536 4
01537 3
01538 9
01539 7
01542 5
01543 12
01545 38
01546 9
01549 12
01550 4
01551 24
01552 13
01554 6
01555 5
01556 13
01557 3
01559 27
01561 13
01562 19
01564 8
01570 3
01578 4
01580 16
01581 39
01582 32
01585 20
01587 16
01588 11
01590 7
01593 4
01595 4
01596 15
01598 20
01599 7
01604 32
01605 6
01607 55
01609 32
01610 23
01612 11
01613 11
01614 5
01615 11
01616 3
01617 8
01619 5
01620 20
01621 4
01623 24
01624 4
01625 13
01627 77
01628 4
01629 36
01630 27
01631 17
01632 15
01633 11
01634 45
01635 6
01636 28
01637 6
01638 25
01639 10
01640 8
01641 10
01642 20
01643 6
01644 3
01645 42
01648 9
01649 8
01653 18
01655 4
01656 21
01657 20
01659 14
01660 24
01661 76
01662 5
01663 9
01664 7
01665 9
01667 6
01674 77
01675 14
01676 38
01677 21
01678 18
01680 7
01681 22
01683 14
01684 7
01685 21
01686 9
01687 15
01688 12
01689 6
01690 3
01693 7
01694 21
01695 14
01696 11
01697 15
01698 11
01699 20
01700 9
01701 21
01702 14
01703 8
01704 4
01705 14
01706 5
01707 21
01708 21
01711 5
01712 17
01713 17
01715 11
01717 4
01718 11
01719 13
01720 7
01721 55
01723 5
01724 12
01728 6
01734 3
01738 18
01739 5
01740 6
01745 63
01746 12
01749 4
01750 31
01751 3
01753 24
01754 10
01757 6
01758 21
01761 3
01764 19
01765 6
01767 77
01771 17
01772 7
01773 5
01774 6
01775 7
01776 13
01777 5
01778 20
01779 12
01780 23
01781 3
01783 4
01784 5
01786 10
01787 4
01788 3
01789 3
01792 26
01793 18
01795 22
01796 22
01797 13
01800 9
01801 18
01802 17
01804 6
01805 235
01806 10
01808 6
01809 17
01810 3
01811 8
01814 10
01815 16
01819 29
01826 17
01828 18
01829 13
01830 8
01831 6
01832 27
01834 7
01836 6
01839 3
01841 13
01842 6
01844 12
01845 14
01847 22
01849 3
01851 4
01852 10
01853 20
01855 9
01856 19
01857 15
01858 3
01859 21
01860 13
01861 37
01863 13
01866 31
01868 6
01870 19
01871 12
01873 6
01874 7
01876 92
01877 13
01879 15
01880 8
01881 26
01882 33
01883 27
01885 27
01886 11
01888 11
01889 4
01890 39
01891 34
01892 4
01893 15
01894 12
01895 8
01898 24
01899 15
01903 23
01904 14
01906 15
01907 16
01908 15
01909 19
01910 15
01911 7
01913 3
01914 13
01915 6
01917 40
01918 31
01919 13
01920 20
01921 27
01926 15
01927 7
01928 18
01930 140
01949 4
01951 16
01953 17
01955 13
01956 11
01957 4
01958 18
01959 6
01960 4
01962 6
01963 14
01964 7
01965 13
01966 5
01967 16
01968 6
01969 5
01974 15
01977 26
01978 6
01979 12
01980 12
01981 11
01982 6
01983 15
01984 38
01985 6
01986 15
01987 11
01989 15
01990 10
01991 16
01992 12
01993 11
01994 15
01995 3
01996 18
01997 5
01998 5
02001 14
02002 11
02003 42
02004 17
02005 3
02006 5
02008 35
02009 3
02010 5
02011 6
02013 4
02016 26
02018 5
02020 6
02023 20
02024 11
02025 10
02026 5
02028 29
02031 4
02033 4
02034 6
02035 5
02037 18
02038 15
02039 9
02040 3
02042 19
02043 4
02044 17
02046 6
02047 4
02048 31
02051 4
02053 7
02054 14
02058 3
02059 3
02060 5
02061 8
02062 4
02063 10
02067 15
02068 3
02069 3
02070 4
02072 3
02073 10
02074 15
02075 7
02077 4
02078 6
02079 25
02080 5
02081 5
02082 27
02083 8
02086 19
02087 11
02089 18
02090 10
02091 20
02092 17
02094 3
02096 19
02097 28
02099 32
02100 4
02102 12
02103 6
02104 23
02106 14
02107 6
02108 10
02109 13
02111 3
02114 38
02115 8
02116 6
02117 16
02119 13
02120 27
02123 3
02128 3
02130 6
02132 11
02134 34
02137 3
02138 12
02141 93
02143 14
02145 21
02148 12
02149 4
02151 8
02152 13
02153 11
02155 5
02159 6
02160 5
02161 3
02162 7
02163 7
02165 3
02168 3
02170 8
02173 16
02175 15
02176 9
02177 3
02179 10
02180 4
02181 4
02182 12
02183 7
02186 12
02187 19
02188 4
02189 4
02191 5
02192 9
02195 5
02196 49
02197 14
02199 3
02200 4
02202 5
02205 39
02206 23
02207 8
02208 6
02211 10
02212 19
02213 6
02214 19
02215 8
02217 15
02219 22
02220 3
02221 19
02225 3
02227 20
02229 24
02231 23
02232 26
02233 6
02235 3
02236 5
02237 3
02238 29
02240 27
02241 16
02244 3
02245 4
02246 16
02249 20
02250 10
02251 13
02252 4
02253 4
02256 3
02257 15
02258 4
02259 11
02260 11
02261 5
02262 13
02263 7
02265 20
02267 4
02269 12
02270 4
02271 19
02274 8
02275 19
02277 21
02279 3
02281 3
02282 6
02283 15
02285 13
02286 11
02289 3
02295 5
02296 15
02297 17
02298 5
02299 6
02300 6
02301 10
02303 5
02304 22
02305 19
02307 42
02308 14
02310 3
02311 11
02319 7
02321 9
02322 3
02323 21
02325 18
02326 3
02327 4
02329 6
02330 8
02332 3
02334 28
02335 3
02337 5
02338 12
02340 17
02341 7
02342 3
02343 17
02344 6
02345 4
02346 26
02347 8
02348 3
02349 12
02350 4
02351 20
02353 15
02354 71
02356 14
02357 13
02359 13
02361 4
02365 7
02366 3
02370 4
02371 8
02372 17
02373 3
02374 14
02375 3
02381 20
02384 4
02386 5
02388 22
02389 3
02390 3
02391 3
02392 227
02393 8
02400 11
02401 24
02402 13
02403 101
02405 41
02406 13
02407 9
02408 10
02409 15
02410 8
02412 4
02416 18
02417 3
02418 13
02423 3
02425 3
02426 8
02427 13
02428 14
02429 19
02431 12
02432 3
02433 10
02435 5
02437 42
02439 14
02441 4
02448 5
02449 33
02452 23
02453 3
02456 3
02459 3
02460 5
02462 3
02465 5
02466 7
02467 3
02468 4
02471 9
02475 29
02476 3
02477 37
02478 10
02482 3
02483 5
02484 17
02485 4
02486 23
02487 11
02490 10
02491 7
02492 9
02493 86
02495 13
02496 3
02497 13
02498 5
02499 3
02500 5
02502 14
02503 3
02505 3
02507 4
02508 4
02509 18
02510 13
02511 11
02512 12
02513 15
02515 4
02516 13
02517 6
02520 6
02521 3
02522 7
02523 22
02524 4
02525 5
02528 9
02529 6
02534 12
02535 3
02539 4
02545 5
02546 26
02549 3
02553 5
02555 3
02556 3
02559 8
02563 14
02564 5
02565 3
02568 3
02572 19
02573 3
02574 3
02575 3
02576 9
02577 5
02579 24
02581 5
02582 7
02583 3
02585 13
02586 22
02587 24
02588 4
02591 16
02593 7
02596 6
02597 7
02598 5
02599 6
02600 6
02602 20
02603 14
02605 7
02608 11
02609 7
02611 3
02612 14
02613 20
02615 5
02616 40
02617 4
02618 9
02619 11
02620 5
02621 7
02623 10
02624 13
02626 11
02627 17
02628 7
02629 4
02632 3
02633 10
02634 6
02637 5
02640 4
02641 14
02646 3
02648 3
02649 17
02651 13
02653 4
02654 9
02655 4
02656 10
02660 6
02661 12
02663 16
02666 27
02668 4
02670 4
02671 5
02675 12
02677 3
02678 3
02679 16
02680 7
02681 8
02682 30
02683 7
02684 17
02686 14
02687 22
02689 8
02691 3
02694 5
02697 29
02699 5
02700 4
02701 3
02702 4
02703 67
02704 54
02708 19
02709 8
02710 6
02711 22
02712 3
02714 18
02716 5
02719 5
02721 8
02724 5
02727 26
02728 9
02730 6
02731 11
02732 4
02734 42
02735 26
02737 5
02739 5
02740 7
02741 6
02743 5
02744 6
02745 77
02748 10
02750 5
02752 11
02754 12
02755 29
02756 4
02757 9
02758 13
02759 8
02760 12
02761 10
02762 20
02763 40
02764 9
02765 11
02767 53
02769 13
02772 5
02774 8
02776 5
02777 3
02778 8
02779 7
02780 9
02781 7
02784 7
02785 7
02786 5
02787 7
02788 5
02789 7
02790 4
02791 5
02792 7
02793 4
02795 3
02796 3
02797 5
02798 11
02802 9
02803 4
02804 6
02805 3
02810 5
02811 10
02813 5
02814 7
02815 3
02816 3
02817 6
02818 9
02824 12
02825 11
02826 6
02828 33
02829 3
02830 38
02833 3
02834 4
02835 11
02836 4
02837 10
02838 4
02840 43
02841 11
02842 10
02843 25
02844 10
02845 7
02850 5
02854 3
02856 3
02858 5
02859 7
02860 12
02861 7
02862 5
02863 5
02864 7
02866 10
02867 7
02868 8
02869 12
02870 10
02874 14
02875 13
02878 15
02879 14
02880 9
02881 9
02883 29
02887 9
02891 48
02893 90
02894 7
02900 3
02901 23
02903 12
02904 10
02905 5
02911 26
02912 9
02914 5
02915 4
02918 51
02919 4
02920 4
02921 3
02923 6
02924 7
02925 8
02926 6
02927 18
02928 8
02929 15
02930 15
02931 11
02932 20
02934 14
02936 20
02938 10
02939 25
02940 25
02941 5
02942 9
02944 9
02945 21
02946 31
02947 9
02948 23
02949 13
02952 10
02953 8
02955 4
02956 19
02957 11
02959 14
02960 7
02961 12
02962 23
02964 3
02969 7
02970 13
02972 22
02974 3
02976 4
02978 7
02979 19
02981 4
02983 3
02984 5
02985 11
02986 10
02987 10
02989 5
02990 9
02991 9
02995 25
02997 31
02999 10
03000 4
03001 6
03002 35
03003 5
03005 7
03006 3
03007 13
03008 13
03010 51
03012 13
03013 5
03014 42
03015 57
03017 52
03018 5
03020 5
03022 5
03025 8
03026 4
03027 3
03028 3
03030 30
03034 25
03035 3
03037 3
03042 3
03043 3
03046 5
03047 3
03049 9
03050 16
03053 10
03054 8
03055 14
03056 4
03057 4
03058 4
03059 4
03063 5
03065 8
03066 4
03068 7
03073 3
03075 4
03076 5
03077 4
03078 27
03081 26
03083 21
03085 3
03087 25
03090 14
03091 37
03093 5
03094 10
03096 32
03099 24
03103 5
03105 9
03106 9
03107 13
03108 46
03109 36
03110 5
03113 7
03114 32
03115 8
03119 4
03120 3
03121 7
03122 3
03123 3
03125 9
03128 3
03130 30
03132 4
03139 12
03141 3
03142 10
03143 6
03145 7
03147 9
03149 3
03151 5
03153 13
03154 3
03155 3
03157 7
03160 32
03163 5
03164 8
03175 4
03176 10
03178 5
03180 4
03182 5
03183 3
03186 9
03187 15
03189 5
03190 3
03192 3
03193 4
03194 4
03197 4
03201 3
03205 6
03209 3
03212 25
03214 7
03217 4
03218 8
03219 9
03220 70
03221 3
03222 3
03223 7
03224 3
03226 3
03227 5
03233 21
03237 3
03238 11
03239 11
03240 3
03241 4
03242 5
03246 10
03247 4
03248 4
03249 3
03250 3
03253 6
03255 3
03259 3
03261 3
03263 7
03264 3
03266 3
03267 3
03268 7
03272 12
03273 5
03274 4
03277 5
03279 23
03280 25
03282 8
03283 9
03285 16
03289 3
03293 3
03294 5
03296 19
03300 4
03301 3
03305 6
03308 3
03312 3
03314 4
03315 3
03319 6
03320 8
03321 4
03322 3
03324 4
03330 3
03333 5
03336 3
03337 13
03341 3
03343 3
03344 3
03345 6
03347 28
03354 4
03357 3
03359 16
03367 3
03368 3
03371 3
03373 4
03374 4
03376 75
03380 7
03383 5
03385 5
03388 8
03389 4
03391 6
03394 3
03398 19
03402 3
03403 4
03405 8
03408 87
03409 21
03410 4
03411 5
03412 17
03418 12
03422 5
03424 3
03428 5
03429 7
03430 3
03436 4
03442 3
03454 6
03455 3
03458 5
03461 3
03462 5
03463 9
03464 6
03465 3
03467 4
03469 3
03481 5
03484 3
03486 5
03488 3
03491 5
03493 6
03495 15
03496 21
03497 13
03499 28
03500 16
03504 44
03507 40
03509 4
03510 11
03511 62
03512 33
03515 20
03517 11
03518 6
03520 4
03522 44
03523 22
03524 35
03525 3
03526 17
03527 20
03528 26
03530 4
03531 3
03532 5
03534 5
03535 5
03540 16
03543 9
03544 5
03545 5
03546 3
03550 5
03552 3
03556 17
03562 3
03570 5
03574 4
03576 19
03577 3
03579 3
03581 3
03582 5
03583 6
03585 7
03586 10
03587 4
03590 7
03600 6
03601 5
03602 3
03606 11
03610 14
03612 5
03613 15
03616 6
03618 10
03619 24
03621 7
03625 11
03628 15
03630 11
03631 3
03632 7
03634 6
03638 6
03641 5
03642 9
03643 10
03644 5
03645 4
03647 5
03648 7
03649 3
03650 7
03651 4
03652 7
03653 34
03654 5
03655 5
03657 11
03658 5
03660 8
03662 17
03663 3
03665 3
03668 3
03669 13
03671 6
03674 12
03676 8
03678 10
03682 45
03683 5
03684 4
03686 4
03687 6
03688 12
03689 17
03691 5
03692 5
03694 4
03695 21
03696 9
03698 8
03700 3
03701 7
03702 3
03705 5
03706 9
03708 15
03709 9
03710 5
03712 8
03713 4
03717 6
03719 3
03722 5
03723 3
03725 6
03726 6
03728 5
03729 7
03732 7
03735 14
03737 3
03738 3
03739 4
03740 3
03741 5
03742 8
03744 6
03745 10
03748 3
03750 9
03755 5
03756 17
03758 3
03759 36
03760 10
03761 9
03762 3
03764 16
03767 16
03768 6
03769 6
03771 6
03772 3
03773 15
03775 9
03778 18
03780 5
03782 8
03784 6
03786 3
03788 12
03790 7
03792 3
03798 8
03799 4
03800 11
03801 3
03804 8
03805 17
03806 4
03808 12
03811 6
03812 4
03813 4
03814 3
03817 4
03821 3
03822 9
03823 25
03824 11
03829 4
03832 5
03835 3
03836 6
03837 4
03838 23
03840 7
03841 4
03845 8
03848 5
03849 5
03850 9
03851 5
03858 5
03859 5
03862 5
03866 11
03869 4
03871 7
03872 5
03873 3
03874 77
03875 4
03876 4
03877 4
03882 3
03888 19
03891 5
03893 4
03894 30
03895 4
03896 4
03900 5
03901 15
03904 3
03905 20
03906 10
03907 5
03908 10
03910 8
03911 8
03912 7
03913 4
03914 12
03915 11
03917 5
03918 3
03919 4
03921 11
03922 6
03923 4
03924 5
03925 6
03929 13
03930 11
03931 7
03932 14
03934 4
03935 3
03936 10
03937 9
03939 11
03940 3
03943 7
03944 10
03946 12
03947 19
03948 7
03949 13
03950 4
03951 8
03953 4
03955 11
03956 3
03957 12
03959 3
03962 3
03963 5
03964 5
03965 4
03966 11
03967 5
03969 27
03973 11
03974 3
03976 9
03978 5
03980 4
03984 4
03986 13
03988 31
03996 6
04001 7
04005 4
04008 3
04019 3
04021 9
04024 10
04025 4
04026 111
04029 5
04030 5
04033 8
04036 29
04038 6
04039 11
04040 10
04046 6
04048 6
04050 4
04052 19
04053 3
04054 4
04057 6
04059 6
04060 11
04062 54
04064 7
04065 8
04067 13
04068 12
04071 7
04076 5
04078 33
04079 3
04081 13
04084 13
04085 3
04086 13
04087 4
04088 5
04089 5
04092 3
04093 4
04094 4
04096 8
04097 7
04098 9
04099 5
04100 8
04101 10
04102 5
04104 7
04106 3
04107 13
04108 3
04109 3
04111 38
04112 12
04113 3
04114 3
04116 5
04117 5
04118 10
04120 3
04121 5
04123 72
04124 3
04125 3
04126 5
04127 105
04128 4
04130 3
04131 3
04133 10
04136 4
04137 5
04142 5
04143 3
04144 9
04146 9
04147 14
04148 5
04149 13
04152 12
04154 5
04155 10
04156 12
04157 4
04158 20
04159 3
04160 16
04161 7
04162 6
04163 24
04164 9
04165 5
04168 4
04169 24
04170 6
04172 40
04175 15
04176 4
04177 160
04178 160
04179 216
04180 5
04181 4
04182 16
04183 4
04184 4
04186 10
04188 10
04189 11
04194 17
04197 8
04198 56
04199 3
04200 26
04201 15
04203 3
04205 11
04210 35
04211 9
04212 5
04213 5
04214 3
04217 10
04222 5
04225 4
04226 13
04227 21
04228 8
04237 6
04239 10
04240 4
04241 19
04243 11
04244 17
04245 5
04249 3
04252 9
04255 3
04259 4
04260 4
04261 15
04262 26
04263 26
04265 30
04266 6
04269 3
04275 5
04284 7
04285 11
04288 18
04289 3
04290 3
04293 3
04294 75
04304 43
04315 5
04317 11
04320 33
04324 9
04329 13
04331 7
04332 12
04333 5
04337 7
04339 9
04341 18
04344 4
04346 7
04347 18
04348 4
04355 11
04357 5
04358 3
04359 4
04364 41
04365 41
04366 5
04367 61
04368 7
04370 14
04373 5
04375 6
04376 5
04379 6
04383 10
04386 3
04389 10
04390 10
04393 3
04394 3
04396 5
04397 4
04398 3
04400 8
04402 7
04405 9
04406 32
04407 5
04409 13
04414 6
04415 5
04419 3
04420 5
04423 9
04426 3
04431 6
04433 3
04436 5
04443 5
04444 13
04446 21
04450 42
04451 3
04452 50
04455 11
04456 9
04457 9
04459 31
04461 4
04462 10
04463 4
04464 5
04468 3
04470 4
04471 6
04473 9
04475 48
04479 26
04482 31
04484 11
04487 10
04489 7
04490 4
04492 7
04493 5
04500 3
04504 19
04507 42
04515 3
04518 3
04521 3
04526 23
04529 10
04531 4
04542 8
04543 4
04544 6
04545 7
04546 5
04547 5
04549 8
04551 14
04552 3
04554 4
04556 13
04557 3
04559 3
04560 3
04561 20
04562 12
04566 8
04572 27
04575 14
04579 22
04580 4
04581 56
04582 4
04587 6
04588 6
04590 3
04591 6
04592 7
04594 5
04595 3
04597 15
04600 8
04602 14
04603 14
04604 11
04605 4
04606 3
04608 71
04610 5
04611 3
04612 19
04619 3
04621 9
04622 3
04623 4
04625 9
04629 3
04631 3
04632 40
04635 3
04636 3
04639 3
04645 3
04648 3
04650 13
04652 4
04659 3
04660 4
04665 7
04667 3
04671 16
04677 16
04678 15
04679 18
04680 9
04682 7
04683 5
04685 6
04688 24
04689 4
04690 6
04692 10
04693 3
04694 4
04697 16
04698 8
04700 3
04704 4
04706 44
04707 153
04708 24
04709 7
04710 3
04711 4
04713 4
04714 6
04715 17
04716 3
04719 15
04720 3
04724 22
04725 8
04730 8
04731 6
04736 3
04738 3
04741 7
04744 4
04745 9
04747 40
04750 5
04751 5
04752 9
04753 3
04754 3
04757 3
04761 3
04762 22
04766 3
04767 4
04768 6
04769 117
04771 60
04778 5
04779 5
04782 14
04783 14
04787 12
04793 7
04797 5
04798 8
04799 3
04800 3
04802 6
04807 3
04810 23
04812 15
04817 9
04820 6
04824 9
04828 10
04829 8
04830 4
04831 4
04834 4
04838 6
04839 34
04840 7
04845 3
04848 4
04849 10
04855 8
04857 7
04858 7
04861 39
04864 8
04867 8
04875 5
04878 3
04879 6
04881 5
04882 8
04883 27
04884 5
04885 5
04887 10
04897 3
04901 7
04908 3
04909 4
04920 4
04923 9
04925 10
04927 15
04928 3
04929 3
04930 7
04933 7
04938 4
04939 3
04941 3
04942 29
04944 4
04945 3
04950 6
04952 3
04963 5
04964 4
04965 5
04966 3
04967 7
04970 3
04990 3
04991 5
04995 3
04996 6
04997 3
05000 5
05002 3
05007 3
05009 5
05012 3
05013 7
05014 11
05016 3
05017 20
05018 5
05020 10
05026 4
05027 42
05028 3
05030 5
05039 9
05040 3
05041 9
05042 7
05048 22
05052 4
05053 5
05057 6
05060 5
05068 16
05072 4
05073 4
05074 27
05075 6
05076 18
05078 11
05083 4
05084 31
05085 4
05086 3
05091 8
05092 3
05098 32
05100 4
05108 3
05109 38
05111 10
05112 6
05113 30
05116 3
05120 3
05122 3
05123 3
05124 3
05125 7
05126 4
05127 14
05129 6
05131 5
05138 23
05139 37
05140 28
05141 7
05146 5
05150 3
05153 114
05155 4
05156 24
05157 9
05162 3
05163 4
05164 5
05165 13
05166 3
05167 6
05172 3
05173 4
05174 12
05177 8
05178 14
05179 5
05180 8
05181 33
05183 3
05185 5
05187 5
05192 3
05193 9
05194 5
05196 13
05199 4
05200 4
05201 7
05204 5
05205 5
05206 14
05207 5
05208 12
05209 4
05212 4
05216 6
05218 5
05222 4
05223 4
05224 4
05225 3
05226 7
05227 5
05232 4
05233 4
05234 5
05237 10
05238 5
05242 3
05245 7
05249 3
05251 9
05252 26
05256 4
05259 6
05260 6
05261 4
05264 3
05265 12
05270 3
05271 4
05275 6
05277 5
05278 8
05280 6
05284 4
05285 20
05287 4
05288 4
05292 11
05293 3
05296 4
05297 3
05301 5
05304 46
05306 14
05307 3
05308 3
05311 5
05313 6
05314 4
05317 6
05318 5
05319 3
05322 17
05324 3
05326 6
05327 4
05328 7
05331 8
05333 26
05335 48
05336 4
05337 3
05338 7
05340 15
05341 3
05342 10
05344 57
05345 12
05346 11
05351 14
05357 3
05359 5
05360 14
05361 7
05362 11
05367 3
05368 6
05369 11
05370 3
05375 35
05376 6
05377 3
05380 4
05381 6
05382 6
05385 10
05386 3
05387 6
05389 4
05390 3
05392 20
05393 4
05394 4
05396 22
05402 3
05403 12
05404 7
05405 3
05407 10
05408 9
05409 4
05410 5
05411 4
05412 8
05413 43
05414 9
05415 6
05419 6
05420 5
05425 6
05427 3
05429 17
05430 5
05433 7
05434 4
05437 3
05442 5
05443 5
05444 4
05448 3
05449 4
05450 3
05451 6
05453 10
05456 3
05457 21
05458 3
05459 17
05461 3
05465 3
05468 7
05470 6
05474 23
05480 5
05481 42
05482 4
05483 6
05488 3
05490 5
05491 18
05493 4
05494 13
05495 25
05496 24
05498 37
05500 5
05502 8
05503 16
05506 3
05510 3
05512 6
05513 5
05515 9
05516 3
05519 4
05520 3
05521 6
05524 24
05525 18
05526 7
05527 3
05530 3
05531 3
05532 9
05543 5
05544 4
05545 5
05546 5
05548 15
05549 4
05552 4
05553 10
05554 9
05555 22
05556 7
05557 3
05558 25
05559 3
05560 14
05562 3
05563 3
05564 3
05566 14
05567 7
05568 3
05569 4
05570 16
05571 3
05572 4
05573 14
05574 14
05576 55
05577 5
05578 3
05580 16
05581 23
05584 4
05587 5
05589 3
05593 35
05594 4
05596 19
05597 7
05599 5
05600 3
05601 4
05602 9
05603 3
05605 38
05616 9
05618 4
05621 10
05627 10
05630 4
05632 3
05633 7
05635 3
05637 5
05639 9
05641 4
05643 3
05647 3
05648 3
05651 99
05654 6
05656 55
05657 9
05658 5
05663 3
05667 4
05669 3
05670 14
05671 3
05676 16
05677 19
05678 9
05679 10
05680 4
05681 4
05682 4
05685 8
05687 4
05689 3
05691 11
05692 156
05695 21
05697 3
05698 8
05699 20
05700 5
05703 3
05704 13
05705 4
05706 3
05707 10
05709 4
05710 3
05711 13
05713 4
05714 5
05715 13
05716 4
05717 10
05719 4
05722 19
05725 3
05729 35
05730 5
05732 6
05733 4
05734 12
05736 3
05738 5
05743 4
05744 10
05745 11
05747 4
05749 4
05750 3
05751 3
05752 3
05753 7
05755 4
05756 4
05757 7
05758 6
05759 3
05768 36
05769 20
05770 31
05771 16
05772 12
05773 4
05774 3
05775 9
05780 4
05781 44
05784 10
05785 26
05786 6
05787 5
05788 5
05789 5
05791 12
05792 8
05797 3
05798 17
05799 5
05800 6
05803 3
05808 10
05810 3
05812 23
05813 4
05817 9
05818 18
05819 22
05820 4
05821 7
05824 4
05825 21
05826 10
05827 14
05828 14
05829 8
05830 12
05832 4
05833 13
05835 68
05836 3
05838 12
05840 104
05841 16
05843 3
05845 70
05847 6
05848 4
05849 5
05852 6
05853 22
05854 4
05857 27
05858 3
05860 5
05862 5
05863 3
05870 12
05872 6
05873 13
05875 17
05877 3
05879 9
05880 8
05881 4
05886 15
05889 10
05893 13
05900 64
05901 3
05902 12
05903 3
05908 15
05910 3
05911 6
05916 5
05917 3
05918 15
05920 3
05921 6
05922 11
05924 6
05925 7
05926 9
05928 9
05930 14
05936 5
05939 5
05940 14
05941 4
05942 6
05944 4
05946 4
05948 4
05952 6
05954 13
05955 9
05956 14
05957 6
05963 3
05969 5
05970 10
05973 3
05980 6
05983 6
05985 5
05986 5
05987 7
05988 3
05989 3
05990 9
05994 3
05996 8
05998 7
05999 4
06001 3
06002 6
06004 3
06005 3
06006 6
06007 4
06009 3
06011 7
06012 11
06016 29
06017 8
06018 3
06020 8
06022 4
06023 4
06026 7
06027 8
06031 13
06035 4
06036 4
06039 6
06040 4
06043 3
06044 4
06045 4
06046 7
06057 3
06058 13
06059 7
06061 10
06062 13
06063 17
06065 17
06066 3
06068 3
06069 8
06070 3
06073 3
06074 13
06081 26
06092 4
06093 3
06096 18
06102 11
06104 3
06110 11
06112 10
06114 6
06115 15
06116 33
06117 3
06118 56
06123 7
06125 7
06126 3
06127 3
06130 11
06135 5
06136 8
06137 5
06138 5
06139 3
06140 5
06143 7
06145 10
06146 15
06147 4
06149 14
06155 8
06159 5
06160 3
06161 6
06162 5
06168 3
06169 3
06173 4
06186 15
06187 31
06188 72
06189 11
06193 8
06195 3
06196 8
06198 26
06200 14
06201 5
06202 31
06203 9
06204 3
06205 3
06206 12
06207 5
06212 21
06213 3
06214 3
06216 5
06218 7
06221 5
06227 31
06229 3
06231 4
06234 38
06236 3
06238 44
06239 6
06240 27
06241 39
06244 6
06245 13
06246 14
06248 6
06249 6
06250 12
06251 3
06255 3
06257 22
06258 9
06260 6
06261 7
06262 6
06263 6
06264 3
06266 4
06267 21
06268 5
06274 5
06275 11
06277 20
06278 34
06279 3
06280 3
06281 3
06282 4
06283 4
06284 5
06285 4
06287 4
06289 6
06292 11
06293 11
06299 3
06303 5
06305 5
06306 4
06307 15
06308 114
06309 10
06310 5
06313 159
06315 14
06319 7
06320 3
06321 8
06325 7
06327 3
06328 7
06332 5
06336 3
06344 5
06346 14
06347 15
06348 10
06353 32
06356 3
06358 3
06372 18
06374 4
06375 5
06377 54
06378 3
06379 4
06380 8
06382 4
06383 3
06385 3
06390 4
06391 3
06393 7
06394 7
06398 7
06400 17
06401 80
06403 3
06404 10
06405 3
06406 3
06410 5
06411 20
06414 6
06415 29
06416 5
06418 3
06421 4
06423 8
06425 8
06427 7
06429 4
06433 10
06435 21
06440 5
06441 14
06442 12
06444 21
06445 6
06448 3
06451 5
06452 3
06454 4
06455 9
06456 6
06457 50
06459 8
06461 37
06462 9
06463 3
06465 5
06470 16
06472 8
06473 4
06476 5
06478 11
06485 4
06486 6
06488 3
06491 9
06492 3
06495 4
06496 4
06500 5
06501 7
06502 3
06505 4
06506 14
06507 39
06509 3
06511 5
06513 3
06515 16
06518 3
06519 5
06523 12
06527 7
06528 3
06529 5
06530 17
06531 5
06532 30
06534 23
06537 3
06538 6
06539 3
06545 5
06546 3
06550 8
06555 3
06557 18
06558 17
06559 3
06560 29
06561 3
06563 37
06565 40
06566 49
06567 4
06568 5
06570 3
06573 7
06574 3
06575 11
06576 7
06577 4
06579 14
06580 4
06582 10
06583 3
06584 17
06586 4
06590 3
06594 3
06595 13
06596 7
06597 23
06601 12
06602 17
06603 5
06605 4
06607 15
06608 3
06609 4
06610 3
06618 3
06622 3
06626 6
06628 13
06629 3
06630 3
06631 3
06635 4
06636 4
06637 3
06641 8
06642 10
06643 19
06644 18
06645 31
06646 31
06647 15
06650 5
06663 12
06668 4
06669 4
06670 4
06672 3
06678 8
06679 4
06680 6
06681 7
06682 5
06683 5
06686 9
06687 12
06688 6
06693 4
06694 22
06696 5
06699 6
06704 74
06705 7
06706 5
06707 9
06710 9
06713 6
06714 12
06715 5
06717 9
06719 4
06721 6
06723 21
06724 9
06725 4
06728 16
06730 5
06732 4
06733 32
06734 3
06738 3
06739 5
06742 12
06744 9
06745 48
06746 3
06748 3
06752 10
06756 8
06757 45
06758 45
06759 4
06763 3
06764 3
06765 3
06766 24
06767 11
06769 4
06771 6
06772 8
06778 3
06780 3
06781 5
06785 10
06786 3
06787 4
06790 6
06792 41
06795 17
06796 8
06797 25
06798 12
06801 5
06804 3
06806 3
06807 3
06808 8
06809 3
06810 3
06811 6
06813 26
06815 5
06816 14
06817 6
06818 3
06819 5
06821 5
06825 15
06827 6
06828 8
06829 16
06830 6
06833 9
06834 24
06835 3
06836 3
06837 8
06840 4
06842 4
06843 42
06845 3
06846 19
06847 5
06850 7
06853 25
06855 24
06856 14
06857 8
06858 3
06860 12
06864 5
06866 3
06869 3
06871 4
06878 6
06879 4
06890 4
06891 7
06894 34
06895 3
06897 4
06899 4
06900 6
06901 25
06903 3
06905 5
06906 3
06907 5
06908 3
06909 24
06910 26
06917 24
06918 4
06921 77
06922 14
06924 11
06925 3
06932 5
06934 4
06938 5
06943 7
06945 9
06947 3
06948 14
06949 3
06950 3
06951 6
06952 3
06953 3
06954 7
06959 3
06960 38
06962 5
06964 3
06965 4
06967 10
06968 4
06970 9
06986 6
06987 10
06991 7
06993 17
06994 15
06996 3
06999 10
07001 31
07002 22
07004 5
07005 5
07006 5
07007 15
07008 186
07009 8
07012 3
07014 22
07018 5
07019 20
07023 61
07024 8
07028 4
07029 9
07030 8
07036 8
07039 13
07053 3
07056 3
07057 3
07058 3
07061 6
07064 3
07065 4
07068 3
07069 5
07070 8
07071 4
07072 4
07073 3
07075 5
07076 4
07077 3
07079 7
07082 3
07083 3
07089 18
07090 5
07093 18
07095 7
07099 3
07102 30
07103 8
07105 3
07107 5
07108 3
07114 4
07115 3
07116 3
07117 7
07118 3
07122 8
07130 120
07132 6
07135 16
07136 6
07137 6
07140 70
07143 7
07148 9
07149 8
07151 16
07152 3
07154 5
07155 8
07156 4
07158 8
07163 12
07170 56
07173 3
07178 6
07179 6
07180 3
07182 9
07183 9
07185 5
07187 3
07189 11
07192 3
07193 5
07197 6
07198 37
07199 39
07201 3
07206 3
07208 22
07209 4
07211 3
07213 4
07215 6
07217 3
07220 6
07222 3
07224 5
07225 7
07228 3
07232 4
07237 3
07238 23
07241 13
07242 6
07243 33
07245 6
07246 27
07247 27
07249 11
07250 7
07251 4
07252 5
07253 4
07254 4
07256 7
07257 3
07260 3
07264 13
07266 3
07272 6
07273 4
07274 11
07276 4
07279 7
07282 9
07283 8
07285 5
07286 4
07287 113
07288 12
07293 6
07294 3
07299 5
07300 5
07301 6
07306 3
07307 19
07309 3
07315 26
07316 3
07317 3
07327 15
07341 5
07343 3
07344 5
07349 12
07351 8
07354 4
07355 4
07358 4
07360 9
07362 4
07364 19
07365 8
07366 5
07367 35
07369 10
07370 3
07372 3
07374 4
07375 11
07381 3
07384 29
07385 15
07386 15
07388 21
07391 3
07392 16
07395 6
07397 4
07398 18
07400 3
07404 14
07406 3
07407 16
07408 17
07409 14
07411 10
07412 6
07413 22
07415 18
07416 10
07417 5
07418 6
07419 18
07420 6
07422 26
07423 14
07429 4
07434 5
07435 10
07436 15
07437 6
07438 13
07440 9
07443 27
07444 3
07445 4
07446 3
07452 8
07453 12
07455 4
07456 3
07457 5
07458 5
07459 6
07460 4
07463 27
07466 11
07473 96
07474 6
07475 24
07476 9
07477 8
07478 14
07480 22
07481 9
07486 49
07488 5
07489 10
07490 4
07491 4
07493 12
07494 6
07495 3
07498 3
07499 10
07500 3
07501 4
07502 7
07503 13
07504 9
07506 4
07507 17
07511 11
07512 5
07514 3
07515 3
07516 3
07517 8
07519 21
07521 6
07522 4
07524 9
07527 20
07530 7
07531 11
07533 3
07534 5
07535 10
07539 5
07540 8
07541 4
07543 4
07544 13
07546 6
07549 8
07551 11
07553 3
07554 12
07560 4
07561 15
07562 3
07563 11
07564 6
07567 54
07571 4
07573 15
07574 5
07578 28
07580 16
07581 24
07582 14
07587 7
07588 6
07591 3
07592 5
07593 50
07594 5
07595 18
07596 18
07598 5
07599 5
07600 5
07601 5
07602 25
07604 11
07605 3
07606 31
07607 15
07613 4
07614 7
07615 17
07617 25
07619 4
07625 8
07627 3
07632 15
07635 3
07636 3
07637 34
07640 11
07646 47
07647 34
07648 8
07649 6
07653 6
07656 3
07663 10
07664 18
07665 5
07669 6
07674 9
07675 7
07677 11
07682 14
07683 12
07684 12
07688 5
07692 23
07694 12
07695 3
07696 81
07697 55
07699 13
07700 3
07702 12
07703 7
07704 3
07705 10
07706 7
07707 6
07709 7
07710 4
07711 5
07714 5
07715 3
07718 6
07721 3
07722 15
07723 5
07725 7
07726 4
07730 7
07731 3
07732 39
07733 23
07736 8
07737 3
07738 6
07739 12
07741 8
07742 4
07744 3
07745 16
07746 9
07748 3
07749 4
07750 4
07754 5
07759 103
07760 4
07761 7
07764 14
07769 6
07775 3
07777 7
07779 4
07780 5
07781 4
07782 3
07784 4
07789 7
07790 3
07791 32
07793 4
07802 9
07806 24
07808 6
07810 5
07812 6
07816 5
07818 12
07820 5
07821 4
07823 49
07824 4
07826 6
07827 10
07830 3
07834 23
07838 5
07839 17
07841 7
07842 4
07844 3
07845 12
07849 7
07850 8
07851 6
07855 3
07856 36
07857 5
07860 8
07863 8
07865 4
07867 6
07868 5
07869 5
07870 5
07874 4
07880 76
07881 4
07884 4
07887 5
07889 16
07890 5
07892 8
07894 4
07895 4
07896 3
07898 6
07899 7
07900 5
07902 5
07903 7
07904 4
07906 3
07908 3
07911 5
07912 11
07913 87
07919 4
07920 28
07923 3
07925 10
07926 3
07927 3
07929 11
07931 3
07933 4
07934 3
07936 9
07938 9
07939 4
07940 4
07943 5
07946 10
07947 9
07949 3
07954 4
07963 10
07966 3
07967 9
07973 8
07975 3
07976 5
07978 3
07983 4
07985 7
07986 3
07987 3
07988 10
07989 5
07996 5
08000 9
08001 18
08003 5
08004 5
08005 5
08006 15
08008 5
08010 7
08011 17
08013 32
08015 4
08016 10
08020 119
08021 3
08022 6
08023 5
08024 7
08027 10
08031 3
08032 5
08033 3
08036 10
08039 51
08041 4
08046 24
08047 3
08049 30
08050 6
08055 19
08061 3
08062 4
08065 3
08066 6
08067 11
08068 14
08070 7
08072 5
08073 12
08074 8
08075 4
08078 22
08081 5
08084 9
08092 8
08094 4
08097 5
08101 5
08103 26
08104 3
08107 32
08109 5
08111 8
08113 16
08114 13
08116 19
08120 5
08121 24
08123 6
08124 8
08129 5
08130 10
08132 34
08133 4
08137 3
08141 3
08143 3
08145 54
08147 3
08150 3
08152 7
08153 6
08154 11
08155 8
08156 4
08158 5
08160 33
08161 18
08170 7
08173 11
08174 39
08175 24
08176 10
08177 5
08181 14
08182 4
08183 7
08186 3
08189 17
08190 6
08191 4
08192 8
08193 7
08196 8
08197 4
08198 7
08201 8
08202 23
08203 6
08204 5
08205 3
08206 6
08207 39
08208 46
08210 11
08211 11
08212 6
08213 3
08215 5
08216 7
08217 3
08221 4
08222 10
08223 10
08224 9
08225 4
08226 8
08228 3
08229 4
08230 3
08232 3
08233 6
08235 4
08236 17
08237 3
08238 4
08243 13
08245 6
08249 8
10000 53
10001 29
